94.3778
18.4794
87.0662
5.49916
42.5938
1.38266
72.9352
6.60552
68.6548
94.5804
62.0018
4.14054
55.401
87.8254
35.5252
7.32758
71.7288
39.3376
26.697
2.68788
75.1068
8.87064
36.3644
4.52478
10.4705
66.346
99.2264
4.415
83.8008
60.3026
85.4878
3.81794
36.0834
58.9982
88.2098
3.38804
3.2917
1.10807
41.8126
3.94802
87.2784
1.73761
65.2888
2.502
58.641
21.162
55.62
3.35178
72.7234
65.7818
15.8836
5.48482
42.4472
15.2758
74.9336
5.7607
48.4278
44.9336
15.7841
5.57254
39.1714
68.9214
30.4428
5.69854
5.83556
9.9121
24.9918
6.40484
86.0524
66.4912
73.234
3.3543
55.2444
26.5352
81.4644
3.93502
61.5898
25.3978
69.053
7.26458
85.8444
0.951568
78.1528
3.22484
28.3374
51.7598
0.775272
6.5565
18.9957
45.7294
66.4936
6.26572
9.8845
86.5362
12.5072
2.87594
98.1792
17.3511
53.6218
6.68516
0.32385
97.0798
22.0274
2.61596
57.5124
82.0806
65.498
3.18164
85.8922
73.4348
1.97518
7.29158
75.0806
39.8748
18.2306
2.77444
49.4308
41.974
68.5828
2.58694
2.83394
71.3426
55.8924
6.10656
92.5336
50.6048
25.0386
4.87298
2.60314
62.4742
73.8886
2.69292
74.8536
40.868
82.7414
6.19104
98.9364
32.4894
20.9742
3.68134
60.4268
35.401
11.2654
2.60968
3.49136
11.5728
79.7592
4.60814
1.46921
12.6809
15.4903
4.03814
47.532
16.1557
59.2516
2.85956
99.9222
9.2831
34.7466
4.8012
35.696
18.2354
43.0352
6.79392
8.17784
25.4432
78.9574
6.55034
90.1854
94.4074
74.6926
3.22316
95.0426
27.3664
77.241
6.82972
90.043
35.9882
88.4608
3.48376
55.732
1.23799
85.6886
3.1454
90.0862
58.8928
70.1994
4.9056
70.0412
54.2532
37.1762
6.5241
70.3278
5.05118
76.083
6.13964
82.5004
2.37676
41.4804
6.30896
11.6366
50.442
60.6302
4.18056
91.7162
71.0726
29.0562
3.8641
10.3058
92.618
54.2886
5.58758
2.4659
33.7172
56.528
5.77114
20.1656
93.9544
27.9912
5.80678
97.6178
9.03692
45.6748
2.5761
60.4862
17.978
3.20636
6.76224
49.7986
13.8345
66.0662
4.6805
94.3592
70.403
11.2736
5.6449
25.1136
35.3446
47.2648
5.343
49.802
97.5032
84.658
2.7057
52.5098
51.164
67.5664
6.56766
10.5935
60.241
78.5162
4.7656
79.0028
19.2653
42.101
6.52736
16.3103
81.4946
6.53584
6.49148
9.88704
37.4492
18.9076
2.80852
26.7026
97.7082
79.9796
5.1733
17.9555
54.633
23.622
5.15578
31.7466
47.9046
33.1778
2.77452
85.871
99.4466
71.0798
3.87166
44.2196
72.7852
77.826
5.36702
39.5766
21.028
99.739
4.8517
18.9443
20.2962
27.6762
4.6411
9.90192
82.38
72.5366
6.12388
76.2738
0.514762
68.9476
2.62464
30.625
76.144
30.4006
5.4907
51.4342
76.3736
19.8393
3.38052
61.0964
27.1708
20.947
4.96706
56.6908
39.0866
16.1159
4.48338
97.9272
65.6606
21.761
6.40554
38.6004
4.39664
16.5895
7.33762
35.9716
65.7134
79.1982
4.93436
83.567
77.9528
90.8318
2.99888
12.1247
5.65402
39.8096
6.0565
93.2776
9.56832
10.2396
6.12974
16.3177
48.105
13.0869
7.34194
5.02084
52.6986
23.922
7.4697
81.0272
81.0794
13.9504
2.99126
2.82746
40.4686
88.9048
6.00112
27.7888
99.4406
21.3046
5.1487
57.3628
93.4922
67.0952
7.30332
86.7626
37.8742
72.3684
7.38656
76.3608
69.5362
33.3802
4.66734
65.9356
18.4245
13.9929
3.8854
96.412
61.403
34.274
3.822
3.10972
87.529
23.7928
4.19702
54.2114
22.34
40.707
4.39478
57.8654
76.704
39.5894
4.47388
93.5888
49.804
1.23911
6.14742
92.695
77.4668
76.8448
5.23094
56.0294
60.9732
28.1548
4.50696
53.8072
35.674
25.5592
3.16442
31.1924
13.7707
71.6474
3.6264
77.7332
51.5544
91.0532
6.51572
22.0444
27.3466
88.3436
3.23792
39.527
62.6226
21.1728
5.36754
72.0644
60.2512
95.5308
2.8644
29.71
63.5168
66.3914
6.4971
54.401
72.766
68.7338
6.18254
89.1218
83.3076
17.1385
5.97984
57.106
46.9168
21.7068
4.52268
72.1736
96.6888
27.7926
6.63012
5.70746
42.8984
17.5094
4.10674
29.9488
16.2128
54.3566
3.2139
23.2736
53.9342
61.5402
4.22948
63.5734
95.8324
20.041
2.60492
31.8414
20.2606
59.6856
2.76216
6.47614
63.0392
7.97024
5.66
5.65604
11.702
46.5454
5.05628
0.252538
16.7232
44.4018
2.59602
61.541
2.16706
3.37788
5.11182
47.0594
26.525
46.1396
4.29216
37.9932
2.91508
95.304
4.37402
29.2414
48.501
88.0904
6.43418
1.3934
37.2108
7.60888
7.22402
93.3142
90.3296
42.425
6.22928
93.5412
51.2268
71.6942
3.37118
37.7428
68.8328
54.706
3.57366
16.2662
61.624
53.5874
7.44518
23.4322
85.1548
47.3542
2.94438
66.7472
96.1896
82.4302
5.33202
86.1152
90.3944
29.603
5.70664
36.6398
86.5388
27.1956
5.88838
49.7572
66.9468
56.1936
5.09784
34.3256
54.0778
76.7166
7.04052
14.6362
31.4078
54.8796
6.69866
99.1222
78.4812
6.5087
4.87366
90.4848
67.8628
37.778
5.51504
29.4802
80.2012
51.2036
4.31134
62.037
76.023
30.6946
3.725
12.0912
6.02334
95.1718
5.40578
69.7246
81.855
38.801
7.0902
49.7712
30.0718
18.6155
6.6272
67.3124
25.2196
89.8276
5.10438
44.2676
83.4732
98.1984
5.27862
58.8678
33.2436
79.2134
2.63906
40.6376
12.4899
88.9204
6.99838
49.5648
58.2918
59.8902
4.31196
77.8038
86.2396
64.577
6.58142
98.6634
32.3004
39.5508
2.72544
67.0294
33.3866
59.9874
5.97204
14.0418
8.14858
81.3672
5.98614
98.761
7.03444
88.567
6.252
52.2106
49.3268
2.72638
6.136
60.5116
75.1466
14.882
6.6918
20.8984
98.7848
37.3908
4.75514
88.9478
63.985
96.4728
4.04882
37.0002
11.8867
0.154194
4.65384
23.3564
70.8676
80.9398
3.8051
38.6174
52.4614
95.1676
3.13132
30.8114
27.2276
95.6954
6.2945
40.6444
50.245
20.9692
5.1029
96.7318
1.59751
47.2778
4.60414
94.4248
7.54958
79.021
3.00768
3.71758
52.8974
71.705
6.8749
69.5404
15.0992
54.2362
4.53942
44.4526
44.2204
36.5852
7.32304
98.7988
20.348
21.9288
6.28804
51.313
73.3396
30.5036
7.22244
51.7798
3.32842
52.26
4.48508
9.76384
7.7769
14.1978
3.51524
39.9502
60.7894
36.199
4.29146
30.1374
97.2152
89.9226
5.2831
5.6555
95.16
32.6556
7.20552
9.19196
39.214
74.0074
5.38396
61.724
40.9062
3.6398
6.31468
61.2422
44.999
81.0208
6.52066
68.4236
6.63902
29.559
4.09058
60.8766
97.3064
91.427
5.46338
80.739
42.69
50.7544
4.8346
40.2442
47.3058
65.5798
6.3936
56.1328
33.2334
88.3264
2.6514
86.104
11.2703
81.4668
6.16202
23.3372
40.173
94.5594
5.32628
33.326
77.52
83.0696
4.9115
83.415
78.848
34.8626
6.73994
80.9552
61.2162
38.4828
6.11928
53.466
62.8102
77.1812
2.54742
96.2618
13.1913
77.841
2.92538
81.5292
33.8684
15.5706
4.6621
79.8992
50.9246
43.3674
4.21166
7.678
17.263
90.71
7.46632
78.3868
61.9476
4.44378
6.38932
94.4112
73.1504
61.4178
3.6336
94.8238
52.9694
60.636
7.29784
44.229
22.53
11.2064
5.31096
71.9112
97.618
15.8771
5.24404
98.2146
79.6714
59.1564
3.8263
99.5054
68.161
98.1598
6.67894
72.88
5.39398
1.86732
6.43846
55.4842
60.719
64.9532
3.68892
5.76464
77.8696
16.7519
7.34948
36.2634
59.6576
97.3698
3.87132
20.5078
19.5119
95.386
5.84122
80.7112
91.8238
98.088
5.06876
38.983
66.45
40.8584
3.10336
58.5224
95.523
45.2584
5.06884
31.303
37.912
18.1108
3.42778
60.9194
37.6258
69.7444
4.83568
38.1258
79.2554
76.11
3.25186
15.9375
18.3256
61.7316
4.48744
16.5263
28.0038
41.3946
7.25992
8.42066
3.96146
87.382
2.80434
45.4708
4.6426
3.83176
7.07958
77.9146
91.1172
36.6726
5.14166
34.2182
74.0408
51.5674
3.44396
87.373
6.07624
17.181
3.62568
23.4234
38.2638
57.7614
3.77912
24.2762
71.3368
60.657
4.23766
43.2554
91.6148
6.8097
6.39024
54.3858
82.9008
5.056
6.95442
76.788
18.0665
84.9048
4.66594
67.3742
28.023
2.25342
3.159
25.9472
69.831
51.364
5.32266
84.8442
83.1718
95.7974
4.28212
68.435
54.5196
86.118
4.41882
67.954
40.5778
50.572
5.89304
98.365
47.593
14.4036
4.60736
19.2597
36.8654
18.6071
5.3179
18.6149
79.9626
24.1556
7.2667
37.435
55.6692
10.0585
6.75958
84.8372
82.0476
25.1434
3.04552
7.94466
63.8278
47.3074
3.04024
31.921
39.3378
53.3542
3.81282
39.238
55.0734
29.2636
4.27512
63.1832
91.9172
54.1624
5.14662
30.0772
44.846
45.3662
5.54306
81.2198
79.5502
20.4104
3.33904
54.4192
37.4864
95.0806
5.42382
38.5642
83.6068
58.6374
7.35888
46.816
62.117
28.1672
4.73856
2.98196
53.7002
84.3352
5.6421
39.0368
37.5152
69.7244
3.48268
24.0042
20.7702
61.1368
3.9261
74.4668
31.252
97.24
6.10542
89.1198
89.9686
84.0718
5.8513
75.5322
75.7468
89.058
3.26698
79.7558
65.5328
26.035
2.5647
20.0472
9.2514
92.6666
3.35298
4.08652
22.3434
6.7909
7.44264
55.848
7.74304
43.4558
5.9214
31.5298
87.1718
76.1938
6.76582
40.6394
45.779
52.2044
7.0638
13.6005
17.5804
17.0618
6.81132
62.6936
11.6191
35.6378
5.08034
62.4454
58.6154
79.3282
3.71444
48.3914
71.1354
10.8255
6.70224
32.4066
63.7222
56.26
3.9749
6.65876
3.1357
75.0336
4.9341
25.3264
44.9316
76.7344
5.79076
86.2676
60.7754
47.4522
4.31472
28.3354
21.079
68.6456
4.64082
84.8568
20.301
85.1706
3.66072
84.8658
81.8054
8.73568
3.51678
76.2296
90.7976
7.9366
4.7455
20.833
56.7092
70.7698
5.51598
83.2494
67.1008
13.255
4.8062
81.177
18.6432
28.917
6.83598
90.4288
26.3824
27.5484
5.11648
12.998
38.8092
93.2386
5.17456
10.9803
3.60556
51.417
5.78962
23.159
76.6586
41.0398
3.91244
5.26318
96.092
78.7444
2.67402
14.9781
73.897
47.0376
6.5258
82.0612
78.2478
82.099
5.7498
30.568
83.8088
40.8038
6.36108
42.704
82.8944
80.0764
2.6674
0.421556
2.83822
28.248
3.07914
85.5096
32.415
58.2436
5.40836
47.3466
55.7944
35.3864
4.66506
76.8662
58.604
29.9466
3.68996
97.0666
61.3794
90.019
2.58238
89.8208
37.7054
98.7208
6.75276
22.2674
21.607
5.61878
4.04768
47.223
94.4608
57.7486
6.45192
81.58
72.0054
72.1456
2.85042
47.1368
21.9792
32.5258
6.06302
67.0268
85.3058
65.4852
4.2575
39.1014
17.1711
55.3618
6.01682
3.3214
70.6598
85.8938
4.91504
33.6866
86.0718
10.3694
3.22616
10.9807
69.085
62.3864
4.50664
3.39108
99.8474
96.7834
5.36388
16.2359
74.1368
36.664
3.92624
39.0968
23.7878
66.5726
6.62632
16.3096
68.9358
90.8542
6.00254
5.15918
43.8142
98.4906
4.40448
53.5894
67.6876
99.7862
3.43766
41.9686
10.9924
28.9768
6.05342
65.412
36.8502
90.364
6.55488
93.8742
1.39934
37.5112
5.42186
59.3224
62.9528
85.2476
3.23436
4.77964
88.2906
46.1236
4.28284
28.4416
55.4056
53.2702
5.6327
27.9802
9.6464
40.8058
3.69868
8.41586
32.3302
47.1964
3.2069
70.4498
38.7858
73.1508
4.4036
82.2344
17.6928
61.2346
5.31598
3.02478
2.08736
8.09686
6.16054
13.6306
52.6954
71.3572
2.69748
97.3606
8.36252
0.319272
4.38566
12.4001
30.3988
12.8694
5.6178
46.5838
35.7404
90.3368
3.51414
13.47
41.3786
48.6146
3.17
71.9776
96.4758
91.5806
4.95656
1.95837
69.1706
41.3336
6.47452
46.5276
75.9068
90.8812
5.0001
93.7188
9.99004
23.1454
4.6488
83.5772
17.6319
6.7041
6.94402
51.6778
10.1525
33.942
3.78238
30.7224
14.5786
9.8568
7.19032
39.8414
37.6968
24.4598
7.18148
29.679
19.2503
86.2014
6.15016
57.1222
68.841
41.2478
2.97664
75.9498
84.4812
28.371
4.63494
83.1548
5.64786
1.40015
2.6956
98.0248
44.5514
47.6414
5.33566
11.125
16.3872
80.5596
2.62278
20.786
30.6998
1.33322
5.66486
67.7106
61.1802
82.9192
2.9797
51.896
42.7734
75.0866
4.39382
58.4488
42.4216
50.2112
3.78304
8.4551
77.8728
62.4844
4.43176
13.1811
70.9244
79.4326
5.70794
56.3898
17.1388
14.9502
5.6868
41.6758
90.2344
72.2806
3.57528
67.3808
91.898
69.93
2.9542
79.5396
32.8276
27.8476
7.48316
71.4596
91.3798
99.5058
4.28122
20.4374
7.33036
18.2048
5.4808
96.451
83.9078
51.9186
4.28704
68.5806
59.1692
0.98886
3.70246
5.51648
55.4722
97.011
7.27438
20.3176
47.0112
51.3044
6.06962
12.6207
16.7183
36.6146
5.2993
1.51814
11.9454
8.65096
2.51662
86.6308
86.0364
73.3194
5.84196
60.9234
93.1762
77.0528
3.07978
88.8208
55.0414
82.9476
2.64366
76.4418
31.5182
57.7162
3.66242
42.4138
41.9956
77.3872
4.3224
46.1736
79.8994
38.1484
3.4786
48.742
61.3158
85.5836
7.16802
80.1124
11.3793
99.3814
3.2619
56.9502
25.7272
13.9206
2.98306
3.81416
80.9514
53.5778
3.81496
22.0488
23.9866
78.4186
5.7291
93.2684
27.8136
37.3414
4.35126
18.8764
5.88636
61.2952
6.89072
79.228
63.493
92.7758
5.20866
99.394
89.8836
74.0388
6.858
33.0432
29.9714
44.163
4.72668
36.075
61.6816
47.8468
5.41038
54.6224
86.3452
91.1898
7.15276
40.4514
2.71508
50.0812
6.67612
72.148
50.3524
3.1422
6.04822
13.4359
28.8722
89.275
5.5265
78.638
96.7508
76.1418
5.3578
70.7962
75.1156
23.8498
6.9367
45.8796
39.3488
8.17866
4.19696
63.6964
46.5186
42.6814
4.85674
99.5542
28.8416
93.7396
6.9955
19.3914
35.335
80.752
6.15542
21.4882
32.504
66.9262
7.19838
66.216
48.974
67.3974
7.31384
10.6122
70.868
39.0674
2.61728
83.246
43.658
41.4268
3.39076
71.1182
74.9154
76.139
6.66402
58.603
29.309
28.785
3.3774
61.4322
50.866
3.85958
2.94548
17.456
77.194
85.3426
3.87606
46.884
92.2062
45.5124
5.89342
71.602
15.9014
8.79036
4.13504
94.7656
71.8222
49.0202
4.31718
8.23968
59.59
31.2162
3.05678
16.6731
80.111
40.1066
2.82572
23.6176
70.811
13.5056
5.66326
33.56
92.0486
49.5114
5.77048
14.5709
20.5772
83.8092
2.62038
27.8748
6.04932
97.6482
6.46064
1.6733
87.5294
38.7344
3.3259
54.1856
95.507
6.44712
4.9596
69.7566
83.2262
92.4912
6.1141
62.583
78.1988
86.732
4.3373
9.73384
62.3394
19.1412
2.91094
94.0144
51.5108
35.9296
6.07652
32.3892
32.4972
74.9774
6.3532
17.751
63.5016
36.0876
5.98164
96.1176
4.40344
60.3414
3.43958
81.9942
46.41
1.11002
4.74822
37.998
84.133
82.5084
2.76894
49.555
74.3152
99.7306
4.21102
51.5986
31.603
35.392
4.45096
93.525
66.0956
58.8042
3.81652
97.7486
2.96228
17.218
4.31052
72.6308
36.9048
8.25094
6.16958
23.9764
86.4214
88.9022
6.73686
37.9076
9.74934
69.4642
3.13514
55.4132
84.4452
19.8162
4.62138
81.8248
44.4914
12.4289
6.1395
67.8294
68.2264
90.2036
7.11854
62.6986
18.9572
47.6846
5.68872
38.8748
32.7024
91.2434
3.93476
70.6492
22.8434
7.09934
2.53184
65.7826
87.249
11.5682
6.87006
64.1514
9.27148
99.3494
3.43516
34.3024
90.0674
89.1516
3.01918
20.4254
50.7498
30.2896
2.93776
72.1564
51.4218
54.6764
6.33882
58.3206
8.6226
53.5254
3.56484
41.277
57.644
60.4964
3.92722
88.8966
40.8184
46.3974
4.59486
18.9782
90.731
99.2102
5.44694
89.9706
78.3838
56.8486
3.358
10.9
95.3496
43.8428
5.07386
79.5268
10.4543
51.982
6.70226
28.0426
30.651
56.351
5.18394
91.934
26.6856
12.7827
6.78814
90.763
6.42864
53.6048
5.34098
43.5596
28.1322
81.8342
7.40638
53.468
47.6568
44.7132
5.2073
96.7328
2.78426
69.859
6.14666
97.0708
80.844
31.2602
7.49704
14.9299
84.3778
61.9678
4.7455
30.2372
17.0436
95.8678
3.03142
83.3748
52.849
54.8442
4.92558
9.0614
28.8782
25.4874
7.48536
30.954
66.5842
3.90446
6.95218
69.0326
73.5456
3.55426
7.29388
33.34
8.28862
78.8124
5.6293
14.2781
97.528
7.11304
5.92872
35.2302
5.21546
4.54486
3.09446
85.0256
87.426
55.82
4.82946
13.8814
27.829
97.4402
2.71786
77.7416
39.7282
93.8602
3.469
82.1818
30.4898
5.96668
5.53398
33.7446
54.5934
61.7234
4.03974
91.9176
86.9672
3.49504
6.65816
48.188
18.4902
21.9074
5.127
92.7306
39.8562
60.6902
5.17174
30.125
95.4142
40.6938
4.07522
26.9944
54.8102
32.7304
4.88356
94.2948
97.7138
26.4464
4.74716
95.1598
58.0298
11.0545
6.75286
75.8536
57.0314
15.1769
3.29364
45.8236
36.4032
99.9566
4.511
51.8142
99.9856
36.0086
5.3338
80.904
92.532
83.3272
2.7739
15.9296
69.6062
6.17348
4.8007
57.635
30.6984
48.2444
7.09676
98.6398
39.0704
17.7848
3.43544
73.407
87.8852
52.2964
3.75314
84.549
53.1624
34.4086
3.58882
39.8
30.0526
4.31048
5.25124
40.2294
98.1898
31.8546
7.0338
87.6176
80.6332
47.689
5.93986
5.12394
76.0688
47.9746
3.39246
5.06932
89.1902
4.39186
6.66214
50.5012
43.3572
86.5926
5.6111
6.12512
11.0467
2.30442
4.88344
81.4424
71.859
27.146
3.7044
63.1824
17.699
81.1892
7.02756
53.578
63.7028
70.883
3.09334
74.8094
39.294
39.1874
6.32258
75.6608
83.3032
2.4631
4.55366
77.5982
98.0922
5.497
2.96628
38.1392
22.5158
90.7842
3.46726
27.8802
50.206
14.578
4.26528
57.5572
58.4288
40.473
6.99602
47.543
53.1268
26.5014
4.12876
14.4635
43.9286
57.2148
2.52086
47.3618
50.057
93.5656
2.63588
29.944
69.0408
40.2646
6.31494
22.7432
16.5509
47.073
6.87726
8.70286
31.5868
98.255
3.51568
11.77
58.649
64.5832
4.792
11.0621
56.3896
86.6924
3.1371
40.0888
31.6338
54.0044
7.12494
96.6646
67.9354
32.259
2.64746
23.4904
89.8772
54.953
5.83364
52.4098
78.998
56.9116
7.26126
59.2818
99.769
26.3262
5.3483
61.181
91.6646
0.340458
5.08582
81.3412
0.979266
86.5304
6.17892
4.64098
86.7844
59.4134
3.98156
11.1694
65.3372
70.7572
4.31152
28.971
40.8666
38.0634
2.675
34.4218
89.9912
98.255
5.93656
92.412
12.8324
59.77
2.7379
9.69556
98.2056
19.3106
7.05708
86.6228
9.86328
68.5618
6.25262
29.362
45.828
59.9502
5.63738
90.8128
98.6264
95.8642
7.30698
67.8884
47.0318
15.7721
7.30616
51.393
33.0598
72.1908
5.65178
14.8059
59.4952
14.943
4.26404
17.3281
6.64394
29.1144
5.87288
39.3796
39.4246
85.5336
3.93642
7.87598
29.2368
66.9474
4.35426
7.31182
58.2706
39.6644
5.50378
71.9278
55.5656
76.5858
4.82564
26.322
2.63518
30.3354
3.79676
92.1432
45.6434
83.3534
7.07408
22.3462
6.0615
86.4576
3.96764
48.8744
16.7293
4.01424
4.87838
50.9584
59.1784
17.0966
6.0076
22.6082
23.9898
20.637
2.61888
11.3042
82.126
93.5632
7.38588
57.4454
63.3288
54.6062
3.52628
9.38802
35.5152
82.7618
4.04162
21.7394
27.7784
11.1391
4.21224
5.62612
47.9894
37.4148
4.4588
87.2318
69.0756
88.5706
5.40544
35.0794
1.51237
40.5926
3.49904
16.2433
58.2036
4.9166
5.53442
58.0058
74.0886
3.05468
2.77954
5.30382
23.6108
59.7826
4.59366
44.6538
9.66642
40.6468
5.77452
6.45618
96.5906
64.7742
6.26824
90.0944
51.7946
46.512
5.1889
30.1434
79.424
68.3318
4.35594
16.4349
88.385
47.6272
4.40546
41.9602
84.0804
88.6688
4.53802
26.5568
31.9284
24.7238
5.32376
5.32302
49.867
8.02524
4.88746
5.84914
11.5596
38.8142
2.58016
47.2092
88.5174
81.3622
4.5388
41.0446
96.0734
86.1538
6.26572
50.7596
17.0473
50.3122
6.68276
54.8874
88.7026
52.0822
3.8074
71.7044
68.6496
57.8296
2.94594
98.4394
81.2078
44.27
2.78582
6.33504
24.1612
16.6314
2.79892
44.8816
60.4118
71.898
6.17908
42.8868
8.30706
61.654
5.08378
75.5104
77.938
53.7908
6.50814
0.804294
81.4706
98.2024
4.11116
41.1978
26.9208
94.6046
3.08708
47.495
37.4852
46.2596
4.8379
19.4194
87.9426
37.989
5.61394
67.7908
26.828
38.4484
7.46966
87.3478
19.5048
73.8554
4.67718
92.1046
16.7169
37.4962
6.29062
15.3103
39.9782
3.42542
5.305
14.4412
95.919
88.9442
6.69384
96.165
76.2656
22.2136
2.64608
85.814
70.4234
54.3702
5.95212
75.8164
63.3248
50.313
6.8158
30.2354
35.6718
86.7408
6.00642
90.1474
35.354
21.0844
5.34838
65.3252
37.5488
41.8124
3.14714
31.9388
62.0144
30.4086
3.84594
3.2724
24.1712
39.9062
6.59994
30.7806
27.264
82.2176
2.5876
21.5388
60.4106
82.6428
6.9056
58.2408
82.711
76.979
7.2362
41.1254
78.734
32.0876
4.16798
23.5486
11.4918
80.2304
3.62984
86.7614
28.1678
82.0208
2.60798
60.1762
68.1924
25.1002
4.36086
2.90658
71.0844
74.093
5.3812
80.3764
48.8978
25.1864
7.35018
48.501
80.2256
82.1308
3.84996
48.0522
68.0356
42.7
6.2068
34.9988
39.5816
98.5776
6.84208
85.8346
68.16
79.7458
2.97982
96.7896
32.8418
30.2308
4.17256
64.293
81.7026
51.131
5.38904
85.123
5.09588
28.9122
6.80124
98.6502
79.097
68.1544
5.1113
65.8882
58.3034
23.2242
6.35118
80.103
38.2162
0.906824
2.62842
85.9788
22.812
51.8302
5.94072
33.8716
93.2926
19.1471
3.38576
84.3364
65.2988
20.4944
2.52828
55.126
8.27844
93.8366
7.15134
63.1116
31.9704
3.58098
2.5559
41.4022
70.8324
64.641
6.98744
68.2914
7.74712
45.3098
6.58376
22.3666
13.943
35.6342
4.82
28.0134
2.74128
38.702
3.39864
68.5978
96.8824
6.74488
4.26522
53.1854
18.0651
73.9592
4.88962
7.97144
50.7388
50.2098
6.6498
87.0534
95.611
20.313
4.9692
50.7204
24.7216
60.874
6.33964
87.9074
72.4874
20.6618
5.46608
57.6358
75.7472
94.9578
4.15288
38.5544
44.188
8.95496
4.61534
87.9998
11.6702
95.0362
5.73474
95.3218
42.4662
23.7098
3.83088
70.2524
8.25446
88.9212
7.07798
90.4622
17.1076
27.3296
2.5038
94.226
26.1274
63.8208
6.6561
61.456
27.7518
97.5396
4.40822
41.6934
86.6956
37.2226
3.89592
67.13
34.7474
17.937
5.1754
84.3436
45.1014
92.8526
2.79638
33.2054
36.1708
34.2162
4.69852
17.1437
93.8932
62.726
4.91988
55.5084
52.2112
28.2138
3.9717
27.3276
40.5724
9.42698
6.48238
80.4476
61.6852
63.425
7.16266
13.7966
54.1258
32.5808
4.72862
75.3028
59.4586
85.3162
3.53048
92.2296
85.339
63.6094
4.75334
33.595
83.6796
88.463
3.22612
31.79
38.245
65.1162
3.79782
51.47
87.5698
13.7011
3.29524
85.5264
33.2144
40.4936
5.60116
53.7492
30.819
5.77046
6.71844
87.2904
77.1676
66.4868
5.20448
12.6169
15.9969
52.9484
4.8422
2.70186
15.7822
68.4618
7.27738
47.6052
65.5704
95.0396
2.87144
65.096
75.0572
61.5872
6.80558
93.2434
69.7048
70.152
5.02344
76.7548
9.3363
17.0381
7.4767
73.1294
18.4593
97.8502
6.77078
41.2912
54.8558
89.4776
3.37606
64.6226
63.886
69.97
7.17204
26.1222
2.74894
49.5328
7.26014
94.8486
30.3496
47.6618
6.37518
94.5078
99.2598
80.6984
5.40016
22.6072
26.198
51.7826
3.00832
76.3028
76.9066
11.255
3.72622
89.6526
55.408
91.4082
5.81452
85.8264
25.456
94.3092
6.84148
91.2346
11.771
46.8078
3.26226
6.9941
42.0356
63.3724
5.78324
64.5272
71.6992
51.3448
3.63878
39.9622
83.0122
46.593
4.70634
77.3234
14.8347
73.8028
5.11888
60.7976
2.60236
49.5284
3.43206
36.2222
53.034
41.1008
5.54626
95.3118
94.497
56.5802
7.18462
43.5926
81.8342
16.9065
6.32448
66.7272
16.9518
25.0334
7.22302
25.7784
4.64078
71.5798
5.44872
51.087
23.898
93.808
7.26494
96.6956
61.031
49.7598
6.36578
2.27742
41.0526
28.7894
4.89734
34.9012
44.4048
16.8394
4.07384
22.3276
61.1194
95.972
5.11114
22.3536
66.5406
24.9524
5.9327
78.3792
90.2986
20.0848
4.89788
94.677
79.223
88.978
7.18694
50.009
15.4865
88.686
2.6149
83.9444
35.2502
84.1986
3.92962
23.3978
35.3686
34.08
5.12472
87.427
93.2424
65.5606
4.56714
24.3746
89.886
13.9164
7.2507
26.8298
44.935
24.847
7.2821
48.9422
94.8864
20.9198
7.29006
80.0118
85.8004
89.1804
4.32218
84.1034
55.4046
13.9639
4.8712
8.58238
70.4004
29.1756
7.4138
82.6474
91.8506
46.8722
5.40606
53.1544
38.1242
59.8014
7.3262
87.4928
41.3424
32.6768
4.79388
25.6306
5.99178
11.8618
2.763
7.06166
80.3104
40.0726
5.78088
63.9534
11.0648
14.9845
3.73538
21.2502
42.2372
86.3936
2.92462
9.75586
40.6968
54.6466
3.4658
46.924
12.4034
10.7392
3.14182
76.4264
34.187
49.0616
4.77632
18.9043
67.867
66.912
4.6891
23.646
65.5366
74.1466
2.77954
1.5848
91.8324
87.4874
6.87184
16.9614
15.3785
72.025
6.13926
49.138
97.0032
94.8668
5.24214
46.6254
12.6291
97.2906
3.0006
86.5602
17.2405
18.3754
5.04514
93.2978
22.2086
3.73558
3.37952
91.0482
40.855
8.98124
3.7348
73.7032
86.9292
80.5778
6.39978
75.2828
31.775
87.1792
3.92386
18.6817
74.9468
56.327
3.52896
60.8042
67.1008
98.4998
3.79828
1.17387
63.7962
65.3272
5.98264
3.95828
7.82266
58.8022
5.23954
82.0164
71.3662
43.9922
5.13504
49.2268
81.7868
45.713
4.68344
31.0238
18.9326
28.6736
7.23238
78.989
97.9038
57.6006
7.03158
51.1568
8.8392
80.5084
6.37364
41.6264
48.3628
84.5242
4.76916
33.7124
42.389
72.0288
4.0185
32.464
96.7604
7.05508
5.28944
29.526
60.2318
19.5404
5.03774
58.194
21.8024
32.1268
4.82884
64.7066
27.218
10.5617
5.6014
58.5898
53.5176
55.9488
6.34618
32.527
60.2766
37.2156
3.20104
77.1948
41.3242
62.0656
7.09078
23.8342
80.1338
59.6756
4.5122
22.3694
76.9038
33.6922
3.42812
13.4589
41.1448
31.5
6.60728
14.9553
94.3772
75.1952
7.10998
17.3104
50.1162
94.3848
5.86854
74.2728
24.0504
52.3726
5.74448
25.9224
58.0764
42.6464
5.60188
66.6578
68.5172
39.655
6.58906
4.58912
37.9272
41.665
5.45934
70.2014
94.5306
44.9338
6.6566
23.5986
25.1806
33.5948
3.55956
81.6986
52.9524
79.4432
5.39528
19.1998
14.2108
87.2854
3.85826
19.9322
78.3232
68.8472
5.30288
85.4276
99.454
9.98798
6.0725
8.93854
83.6724
30.3394
4.55276
20.3378
48.464
39.1752
6.03078
82.5118
85.7438
2.6775
2.7222
33.174
27.9604
14.7079
7.2532
45.3022
80.8294
71.0492
5.14626
67.4578
32.9136
27.5334
4.59292
97.5976
92.4942
14.6806
6.45334
78.7644
26.236
69.5696
6.98414
72.4454
20.0448
61.9408
4.69144
68.5144
9.42634
64.0216
6.81752
55.9066
54.2468
77.4108
4.23388
55.5536
5.15126
12.9138
6.5
47.4066
57.1686
49.261
6.48626
25.1754
93.663
68.633
5.05304
70.2212
45.475
30.2674
4.50272
95.0978
63.2204
80.475
7.30914
83.2824
50.4804
68.2892
5.35552
13.839
47.602
82.0018
7.00112
61.0944
62.2168
8.73708
7.47924
11.9152
82.7476
52.8788
4.51208
77.0632
74.065
65.1584
5.56672
64.6318
86.5182
25.2962
5.54212
2.43094
79.9284
79.9732
4.69508
75.4646
23.9144
16.2344
6.998
52.1778
69.0714
91.486
2.98958
47.4876
60.9904
3.21262
6.00748
62.3564
63.455
50.2256
2.92532
78.2686
64.1188
78.008
5.55238
93.1604
76.2554
40.9786
3.75476
34.2686
98.5272
62.3188
7.03944
41.9466
31.192
36.191
4.9581
73.1984
3.286
51.8694
2.71804
43.882
75.1592
50.1396
4.24946
87.5054
60.5838
27.4424
6.4366
73.3264
64.6654
26.2906
3.90174
60.1226
56.5142
94.4964
7.28528
17.7589
11.2184
4.99196
7.05744
52.151
7.63218
24.3314
5.44632
31.2156
11.4687
62.3344
5.95162
59.643
39.9852
33.1856
7.36148
62.6658
1.41301
57.6416
4.97754
95.0752
18.6189
96.8384
4.28972
53.6876
74.7584
45.3934
2.9227
58.516
15.539
61.966
5.08036
95.9592
39.0492
36.4436
4.63682
92.8928
2.05596
5.36336
2.8246
